0.0 10.4600
1440.0 10.5100
2880.0 10.5100
4320.0 10.5000
5760.0 10.5600
7200.0 10.5700
8640.0 10.5800
10080.0 10.6100
11520.0 10.6500
12960.0 10.7500
14400.0 10.7900
15840.0 10.7700
17280.0 10.7800
18720.0 10.8100
20160.0 10.8100
21600.0 10.7900
23040.0 10.7700
24480.0 10.7800
25920.0 10.8200
27360.0 10.8400
28800.0 10.8800
30240.0 10.9200
31680.0 10.9600
33120.0 10.9900
34560.0 11.0100
36000.0 11.0400
37440.0 11.0500
38880.0 11.0200
40320.0 11.0200
41760.0 11.0400
43200.0 11.0700
44640.0 11.1200
46080.0 11.1000
47520.0 11.0400
48960.0 11.0300
50400.0 11.0700
51840.0 11.1300
53280.0 11.1600
54720.0 11.1600
56160.0 11.1700
57600.0 11.1800
59040.0 11.1800
60480.0 11.1900
61920.0 11.2100
63360.0 11.2600
64800.0 11.2800
66240.0 11.2700
67680.0 11.2500
69120.0 11.2700
70560.0 11.3200
72000.0 11.3500
73440.0 11.3700
74880.0 11.4100
76320.0 11.4700
77760.0 11.5100
79200.0 11.5200
80640.0 11.5300
82080.0 11.5100
83520.0 11.5000
84960.0 11.5000
86400.0 11.4900
87840.0 11.4500
89280.0 11.4400
90720.0 11.4100
92160.0 11.3900
93600.0 11.4000
95040.0 11.3900
96480.0 11.3900
97920.0 11.4100
99360.0 11.3600
100800.0 11.3100
102240.0 11.3200
103680.0 11.3300
105120.0 11.3600
106560.0 11.3500
108000.0 11.3200
109440.0 11.2900
110880.0 11.2800
112320.0 11.2800
113760.0 11.2800
115200.0 11.2900
116640.0 11.3000
118080.0 11.2700
119520.0 11.2700
120960.0 11.2900
122400.0 11.2900
123840.0 11.2600
125280.0 11.2700
126720.0 11.2700
128160.0 11.2700
129600.0 11.3100
131040.0 11.3200
132480.0 11.3200
133920.0 11.3200
135360.0 11.2900
136800.0 11.2800
138240.0 11.2300
139680.0 11.2100
141120.0 11.1900
142560.0 11.1800
144000.0 11.2000
145440.0 11.2200
146880.0 11.2400
148320.0 11.2700
149760.0 11.2400
151200.0 11.2300
152640.0 11.2600
154080.0 11.2600
155520.0 11.2600
156960.0 11.2700
158400.0 11.2500
159840.0 11.2300
161280.0 11.1900
162720.0 11.1900
164160.0 11.1500
165600.0 11.1100
167040.0 11.0500
168480.0 11.0300
169920.0 11.0000
171360.0 10.9600
172800.0 10.9400
174240.0 10.9800
175680.0 10.9800
177120.0 10.9600
178560.0 10.9300
180000.0 10.9200
181440.0 10.9700
182880.0 10.9700
184320.0 10.9500
185760.0 10.9500
187200.0 10.9200
188640.0 10.9100
190080.0 10.9400
191520.0 10.9400
192960.0 10.9400
194400.0 10.9500
195840.0 10.9800
197280.0 11.0100
198720.0 11.0300
200160.0 10.9700
201600.0 10.9500
203040.0 10.9300
204480.0 10.9200
205920.0 10.8800
207360.0 10.8600
208800.0 10.8700
210240.0 10.8600
211680.0 10.8900
213120.0 10.8800
214560.0 10.8900
216000.0 10.9200
217440.0 10.9900
218880.0 11.0000
220320.0 11.0300
221760.0 11.0300
223200.0 11.0300
224640.0 11.0300
226080.0 11.0300
227520.0 11.0300
228960.0 11.0300
230400.0 11.0300
231840.0 11.0300
233280.0 11.0300
234720.0 11.0300
236160.0 11.0300
237600.0 11.0300
239040.0 11.0300
240480.0 11.0300
241920.0 11.0300
243360.0 11.0300
244800.0 11.0300
246240.0 11.0300
247680.0 11.0300
249120.0 11.0300
250560.0 11.0300
252000.0 11.0300
253440.0 11.0300
254880.0 11.0300
256320.0 11.0300
257760.0 11.0300
259200.0 11.0300
260640.0 11.0300
262080.0 11.0300
263520.0 11.0300
264960.0 11.0300
266400.0 11.0300
267840.0 11.0300
269280.0 11.0300
270720.0 11.0300
272160.0 11.0300
273600.0 11.0300
275040.0 11.0300
276480.0 11.0300
277920.0 11.0300
279360.0 11.0300
280800.0 11.0300
282240.0 11.0300
283680.0 11.0300
285120.0 11.0300
286560.0 11.0300
288000.0 11.0300
289440.0 11.0300
290880.0 11.0300
292320.0 11.0300
293760.0 11.0300
295200.0 11.0300
296640.0 11.0300
298080.0 11.0300
299520.0 11.0300
300960.0 11.0300
302400.0 11.0300
303840.0 11.0300
305280.0 11.0300
306720.0 11.0300
308160.0 11.0300
309600.0 11.0300
311040.0 11.0300
312480.0 11.0300
313920.0 11.0300
315360.0 11.0300
316800.0 11.0300
318240.0 11.0300
319680.0 11.0300
321120.0 11.0300
322560.0 11.0300
324000.0 11.0300
325440.0 11.0300
326880.0 11.0300
328320.0 11.0300
329760.0 11.0300
331200.0 11.0300
332640.0 11.0300
334080.0 11.0300
335520.0 11.0300
336960.0 11.0300
338400.0 11.0300
339840.0 11.0300
341280.0 11.0300
342720.0 11.0300
344160.0 11.0300
345600.0 11.0300
347040.0 11.0300
348480.0 11.0300
349920.0 11.0300
351360.0 11.0300
352800.0 11.0300
354240.0 11.0300
355680.0 11.0300
357120.0 11.0300
358560.0 11.0300
360000.0 11.0300
361440.0 11.0300
362880.0 11.0300
364320.0 11.0300
365760.0 11.0300
367200.0 11.0300
368640.0 11.0300
370080.0 11.0300
371520.0 11.0300
372960.0 11.0300
374400.0 11.0300
375840.0 11.0300
377280.0 11.0300
378720.0 11.0300
380160.0 11.0300
381600.0 11.0300
383040.0 11.0300
384480.0 11.0300
385920.0 11.0300
387360.0 11.0300
388800.0 11.0300
390240.0 11.0300
391680.0 11.0300
393120.0 11.0300
394560.0 11.0300
396000.0 11.0300
397440.0 11.0300
398880.0 11.0300
400320.0 11.0300
401760.0 11.0300
403200.0 11.0300
404640.0 11.0300
406080.0 11.0300
407520.0 11.0300
408960.0 11.0300
410400.0 11.0300
411840.0 11.0300
413280.0 11.0300
414720.0 11.0300
416160.0 11.0300
417600.0 11.0300
419040.0 11.0300
420480.0 11.0300
421920.0 11.0300
423360.0 11.0300
424800.0 11.0300
426240.0 11.0300
427680.0 11.0300
429120.0 11.0300
430560.0 11.0300
432000.0 11.0300
433440.0 11.0300
434880.0 11.0300
436320.0 11.0300
437760.0 11.0300
439200.0 11.0300
440640.0 11.0300
442080.0 11.0300
443520.0 11.0300
444960.0 11.0300
446400.0 11.0300
447840.0 11.0300
449280.0 11.0300
450720.0 11.0300
452160.0 11.0300
453600.0 11.0300
455040.0 11.0300
456480.0 11.0300
457920.0 11.0300
459360.0 11.0300
460800.0 11.0300
462240.0 11.0300
463680.0 11.0300
465120.0 11.0300
466560.0 11.0300
468000.0 11.0300
469440.0 11.0300
470880.0 11.0300
472320.0 11.0300
473760.0 11.0300
475200.0 11.0300
476640.0 11.0300
478080.0 11.0300
479520.0 11.0300
480960.0 11.0300
482400.0 11.0300
483840.0 11.0300
485280.0 11.0300
486720.0 11.0300
488160.0 11.0300
489600.0 11.0300
491040.0 11.0300
492480.0 11.0300
493920.0 11.0300
495360.0 11.0300
496800.0 11.0300
498240.0 11.0300
499680.0 11.0300
501120.0 11.0300
502560.0 11.0300
504000.0 11.0300
505440.0 11.0300
506880.0 11.0300
508320.0 11.0300
509760.0 11.0300
511200.0 11.0300
512640.0 11.0300
514080.0 11.0300
515520.0 11.0300
516960.0 11.0300
518400.0 11.0300
519840.0 11.0300
521280.0 11.0300
522720.0 11.0300
524160.0 11.0300
525600.0 11.0300
527040.0 11.0300
528480.0 11.0300
529920.0 11.0300
531360.0 11.0300
532800.0 11.0300
534240.0 11.0300
535680.0 11.0300
537120.0 11.0300
538560.0 11.0300
540000.0 11.0300
541440.0 11.0300
542880.0 11.0300
544320.0 11.0300
545760.0 11.0300
547200.0 11.0300
548640.0 11.0300
550080.0 11.0300
551520.0 11.0300
552960.0 11.0300
554400.0 11.0300
555840.0 11.0300
557280.0 11.0300
558720.0 11.0300
560160.0 11.0300
561600.0 11.0300
563040.0 11.0300
564480.0 11.0300
565920.0 11.0300
567360.0 11.0300
568800.0 11.0300
570240.0 11.0300
571680.0 11.0300
573120.0 11.0300
574560.0 11.0300
576000.0 11.0300
577440.0 11.0300
578880.0 11.0300
580320.0 11.0300
581760.0 11.0300
583200.0 11.0300
584640.0 11.0300
586080.0 11.0300
587520.0 11.0300
588960.0 11.0300
590400.0 11.0300
591840.0 11.0300
593280.0 11.0300
594720.0 11.0300
596160.0 11.0300
597600.0 11.0300
599040.0 11.0300
600480.0 11.0300
601920.0 11.0300
603360.0 11.0300
604800.0 11.0300
606240.0 11.0300
607680.0 11.0300
609120.0 11.0300
610560.0 11.0300
612000.0 11.0300
613440.0 11.0300
614880.0 11.0300
