0.0 10.2800
1440.0 10.3100
2880.0 10.3000
4320.0 10.2600
5760.0 10.3200
7200.0 10.3200
8640.0 10.3300
10080.0 10.3700
11520.0 10.3900
12960.0 10.4800
14400.0 10.5200
15840.0 10.4900
17280.0 10.5100
18720.0 10.5400
20160.0 10.5500
21600.0 10.5400
23040.0 10.5500
24480.0 10.5700
25920.0 10.6200
27360.0 10.6300
28800.0 10.6300
30240.0 10.6400
31680.0 10.6700
33120.0 10.7100
34560.0 10.7600
36000.0 10.7900
37440.0 10.8200
38880.0 10.7800
40320.0 10.7800
41760.0 10.8100
43200.0 10.8200
44640.0 10.8900
46080.0 10.9100
47520.0 10.8500
48960.0 10.8400
50400.0 10.8800
51840.0 10.8900
53280.0 10.8900
54720.0 10.8700
56160.0 10.8700
57600.0 10.9000
59040.0 10.9200
60480.0 10.9400
61920.0 10.9700
63360.0 10.9900
64800.0 11.0200
66240.0 11.0100
67680.0 11.0200
69120.0 11.0400
70560.0 11.0900
72000.0 11.1100
73440.0 11.1400
74880.0 11.2000
76320.0 11.2700
77760.0 11.3300
79200.0 11.3200
80640.0 11.3100
82080.0 11.2700
83520.0 11.2500
84960.0 11.2500
86400.0 11.2400
87840.0 11.1800
89280.0 11.1800
90720.0 11.1600
92160.0 11.1500
93600.0 11.1700
95040.0 11.1600
96480.0 11.1700
97920.0 11.1800
99360.0 11.1400
100800.0 11.0800
102240.0 11.0700
103680.0 11.0800
105120.0 11.1100
106560.0 11.0900
108000.0 11.0600
109440.0 11.0500
110880.0 11.0600
112320.0 11.0700
113760.0 11.0600
115200.0 11.0600
116640.0 11.0700
118080.0 11.0600
119520.0 11.0500
120960.0 11.0700
122400.0 11.0600
123840.0 11.0400
125280.0 11.0600
126720.0 11.0400
128160.0 11.0700
129600.0 11.1400
131040.0 11.1600
132480.0 11.1600
133920.0 11.1500
135360.0 11.1100
136800.0 11.0600
138240.0 11.0300
139680.0 11.0200
141120.0 11.0300
142560.0 11.0300
144000.0 11.0300
145440.0 11.0500
146880.0 11.0700
148320.0 11.0900
149760.0 11.0600
151200.0 11.0500
152640.0 11.1100
154080.0 11.1000
155520.0 11.0900
156960.0 11.0800
158400.0 11.0500
159840.0 11.0100
161280.0 10.9900
162720.0 10.9800
164160.0 10.9500
165600.0 10.9100
167040.0 10.8500
168480.0 10.8200
169920.0 10.7900
171360.0 10.7700
172800.0 10.7500
174240.0 10.7900
175680.0 10.8200
177120.0 10.7900
178560.0 10.7800
180000.0 10.7800
181440.0 10.8200
182880.0 10.8200
184320.0 10.7600
185760.0 10.7800
187200.0 10.7800
188640.0 10.7500
190080.0 10.7700
191520.0 10.7700
192960.0 10.7600
194400.0 10.7600
195840.0 10.8000
197280.0 10.8000
198720.0 10.8200
200160.0 10.7700
201600.0 10.7600
203040.0 10.7400
204480.0 10.7100
205920.0 10.6800
207360.0 10.6700
208800.0 10.6800
210240.0 10.6800
211680.0 10.7100
213120.0 10.7100
214560.0 10.6900
216000.0 10.7200
217440.0 10.7800
218880.0 10.8800
220320.0 10.8100
221760.0 10.8100
223200.0 10.8100
224640.0 10.8100
226080.0 10.8100
227520.0 10.8100
228960.0 10.8100
230400.0 10.8100
231840.0 10.8100
233280.0 10.8100
234720.0 10.8100
236160.0 10.8100
237600.0 10.8100
239040.0 10.8100
240480.0 10.8100
241920.0 10.8100
243360.0 10.8100
244800.0 10.8100
246240.0 10.8100
247680.0 10.8100
249120.0 10.8100
250560.0 10.8100
252000.0 10.8100
253440.0 10.8100
254880.0 10.8100
256320.0 10.8100
257760.0 10.8100
259200.0 10.8100
260640.0 10.8100
262080.0 10.8100
263520.0 10.8100
264960.0 10.8100
266400.0 10.8100
267840.0 10.8100
269280.0 10.8100
270720.0 10.8100
272160.0 10.8100
273600.0 10.8100
275040.0 10.8100
276480.0 10.8100
277920.0 10.8100
279360.0 10.8100
280800.0 10.8100
282240.0 10.8100
283680.0 10.8100
285120.0 10.8100
286560.0 10.8100
288000.0 10.8100
289440.0 10.8100
290880.0 10.8100
292320.0 10.8100
293760.0 10.8100
295200.0 10.8100
296640.0 10.8100
298080.0 10.8100
299520.0 10.8100
300960.0 10.8100
302400.0 10.8100
303840.0 10.8100
305280.0 10.8100
306720.0 10.8100
308160.0 10.8100
309600.0 10.8100
311040.0 10.8100
312480.0 10.8100
313920.0 10.8100
315360.0 10.8100
316800.0 10.8100
318240.0 10.8100
319680.0 10.8100
321120.0 10.8100
322560.0 10.8100
324000.0 10.8100
325440.0 10.8100
326880.0 10.8100
328320.0 10.8100
329760.0 10.8100
331200.0 10.8100
332640.0 10.8100
334080.0 10.8100
335520.0 10.8100
336960.0 10.8100
338400.0 10.8100
339840.0 10.8100
341280.0 10.8100
342720.0 10.8100
344160.0 10.8100
345600.0 10.8100
347040.0 10.8100
348480.0 10.8100
349920.0 10.8100
351360.0 10.8100
352800.0 10.8100
354240.0 10.8100
355680.0 10.8100
357120.0 10.8100
358560.0 10.8100
360000.0 10.8100
361440.0 10.8100
362880.0 10.8100
364320.0 10.8100
365760.0 10.8100
367200.0 10.8100
368640.0 10.8100
370080.0 10.8100
371520.0 10.8100
372960.0 10.8100
374400.0 10.8100
375840.0 10.8100
377280.0 10.8100
378720.0 10.8100
380160.0 10.8100
381600.0 10.8100
383040.0 10.8100
384480.0 10.8100
385920.0 10.8100
387360.0 10.8100
388800.0 10.8100
390240.0 10.8100
391680.0 10.8100
393120.0 10.8100
394560.0 10.8100
396000.0 10.8100
397440.0 10.8100
398880.0 10.8100
400320.0 10.8100
401760.0 10.8100
403200.0 10.8100
404640.0 10.8100
406080.0 10.8100
407520.0 10.8100
408960.0 10.8100
410400.0 10.8100
411840.0 10.8100
413280.0 10.8100
414720.0 10.8100
416160.0 10.8100
417600.0 10.8100
419040.0 10.8100
420480.0 10.8100
421920.0 10.8100
423360.0 10.8100
424800.0 10.8100
426240.0 10.8100
427680.0 10.8100
429120.0 10.8100
430560.0 10.8100
432000.0 10.8100
433440.0 10.8100
434880.0 10.8100
436320.0 10.8100
437760.0 10.8100
439200.0 10.8100
440640.0 10.8100
442080.0 10.8100
443520.0 10.8100
444960.0 10.8100
446400.0 10.8100
447840.0 10.8100
449280.0 10.8100
450720.0 10.8100
452160.0 10.8100
453600.0 10.8100
455040.0 10.8100
456480.0 10.8100
457920.0 10.8100
459360.0 10.8100
460800.0 10.8100
462240.0 10.8100
463680.0 10.8100
465120.0 10.8100
466560.0 10.8100
468000.0 10.8100
469440.0 10.8100
470880.0 10.8100
472320.0 10.8100
473760.0 10.8100
475200.0 10.8100
476640.0 10.8100
478080.0 10.8100
479520.0 10.8100
480960.0 10.8100
482400.0 10.8100
483840.0 10.8100
485280.0 10.8100
486720.0 10.8100
488160.0 10.8100
489600.0 10.8100
491040.0 10.8100
492480.0 10.8100
493920.0 10.8100
495360.0 10.8100
496800.0 10.8100
498240.0 10.8100
499680.0 10.8100
501120.0 10.8100
502560.0 10.8100
504000.0 10.8100
505440.0 10.8100
506880.0 10.8100
508320.0 10.8100
509760.0 10.8100
511200.0 10.8100
512640.0 10.8100
514080.0 10.8100
515520.0 10.8100
516960.0 10.8100
518400.0 10.8100
519840.0 10.8100
521280.0 10.8100
522720.0 10.8100
524160.0 10.8100
525600.0 10.8100
527040.0 10.8100
528480.0 10.8100
529920.0 10.8100
531360.0 10.8100
532800.0 10.8100
534240.0 10.8100
535680.0 10.8100
537120.0 10.8100
538560.0 10.8100
540000.0 10.8100
541440.0 10.8100
542880.0 10.8100
544320.0 10.8100
545760.0 10.8100
547200.0 10.8100
548640.0 10.8100
550080.0 10.8100
551520.0 10.8100
552960.0 10.8100
554400.0 10.8100
555840.0 10.8100
557280.0 10.8100
558720.0 10.8100
560160.0 10.8100
561600.0 10.8100
563040.0 10.8100
564480.0 10.8100
565920.0 10.8100
567360.0 10.8100
568800.0 10.8100
570240.0 10.8100
571680.0 10.8100
573120.0 10.8100
574560.0 10.8100
576000.0 10.8100
577440.0 10.8100
578880.0 10.8100
580320.0 10.8100
581760.0 10.8100
583200.0 10.8100
584640.0 10.8100
586080.0 10.8100
587520.0 10.8100
588960.0 10.8100
590400.0 10.8100
591840.0 10.8100
593280.0 10.8100
594720.0 10.8100
596160.0 10.8100
597600.0 10.8100
599040.0 10.8100
600480.0 10.8100
601920.0 10.8100
603360.0 10.8100
604800.0 10.8100
606240.0 10.8100
607680.0 10.8100
609120.0 10.8100
610560.0 10.8100
612000.0 10.8100
613440.0 10.8100
614880.0 10.8100
