0.0 10.7400
1440.0 10.8000
2880.0 10.7900
4320.0 10.7900
5760.0 10.8100
7200.0 10.8000
8640.0 10.8200
10080.0 10.8700
11520.0 10.9000
12960.0 10.9900
14400.0 11.0300
15840.0 11.0200
17280.0 11.0400
18720.0 11.0600
20160.0 11.0800
21600.0 11.1000
23040.0 11.0900
24480.0 11.1000
25920.0 11.1100
27360.0 11.0900
28800.0 11.0900
30240.0 11.1100
31680.0 11.1200
33120.0 11.1400
34560.0 11.1600
36000.0 11.1700
37440.0 11.1300
38880.0 11.1000
40320.0 11.1200
41760.0 11.1400
43200.0 11.1900
44640.0 11.2300
46080.0 11.2300
47520.0 11.1800
48960.0 11.1600
50400.0 11.1800
51840.0 11.2200
53280.0 11.2500
54720.0 11.2700
56160.0 11.2800
57600.0 11.2900
59040.0 11.3000
60480.0 11.3100
61920.0 11.3300
63360.0 11.3800
64800.0 11.3900
66240.0 11.3700
67680.0 11.3600
69120.0 11.3500
70560.0 11.3700
72000.0 11.3800
73440.0 11.4100
74880.0 11.4500
76320.0 11.4900
77760.0 11.5200
79200.0 11.5600
80640.0 11.5900
82080.0 11.6100
83520.0 11.6200
84960.0 11.6400
86400.0 11.6400
87840.0 11.6300
89280.0 11.6300
90720.0 11.5900
92160.0 11.5400
93600.0 11.5200
95040.0 11.4900
96480.0 11.4900
97920.0 11.5200
99360.0 11.5100
100800.0 11.4700
102240.0 11.4700
103680.0 11.5000
105120.0 11.5500
106560.0 11.5600
108000.0 11.5200
109440.0 11.4900
110880.0 11.4600
112320.0 11.4500
113760.0 11.4500
115200.0 11.4500
116640.0 11.4400
118080.0 11.4200
119520.0 11.4000
120960.0 11.3800
122400.0 11.3900
123840.0 11.3700
125280.0 11.3500
126720.0 11.3400
128160.0 11.3400
129600.0 11.3500
131040.0 11.3400
132480.0 11.3500
133920.0 11.3700
135360.0 11.3400
136800.0 11.3300
138240.0 11.3200
139680.0 11.3400
141120.0 11.3300
142560.0 11.3400
144000.0 11.3500
145440.0 11.3500
146880.0 11.3500
148320.0 11.4000
149760.0 11.4000
151200.0 11.3900
152640.0 11.3900
154080.0 11.3900
155520.0 11.3700
156960.0 11.3600
158400.0 11.3400
159840.0 11.3000
161280.0 11.2700
162720.0 11.2600
164160.0 11.2500
165600.0 11.2100
167040.0 11.1800
168480.0 11.1500
169920.0 11.1300
171360.0 11.1000
172800.0 11.0800
174240.0 11.0800
175680.0 11.0900
177120.0 11.1100
178560.0 11.1200
180000.0 11.1400
181440.0 11.1700
182880.0 11.1700
184320.0 11.1600
185760.0 11.1500
187200.0 11.1200
188640.0 11.1300
190080.0 11.1500
191520.0 11.1700
192960.0 11.2100
194400.0 11.2100
195840.0 11.2100
197280.0 11.2300
198720.0 11.2200
200160.0 11.1800
201600.0 11.1700
203040.0 11.1500
204480.0 11.1200
205920.0 11.1000
207360.0 11.1100
208800.0 11.1100
210240.0 11.1300
211680.0 11.1300
213120.0 11.1200
214560.0 11.1100
216000.0 11.1300
217440.0 11.1700
218880.0 11.2200
220320.0 11.2100
221760.0 11.2100
223200.0 11.2100
224640.0 11.2100
226080.0 11.2100
227520.0 11.2100
228960.0 11.2100
230400.0 11.2100
231840.0 11.2100
233280.0 11.2100
234720.0 11.2100
236160.0 11.2100
237600.0 11.2100
239040.0 11.2100
240480.0 11.2100
241920.0 11.2100
243360.0 11.2100
244800.0 11.2100
246240.0 11.2100
247680.0 11.2100
249120.0 11.2100
250560.0 11.2100
252000.0 11.2100
253440.0 11.2100
254880.0 11.2100
256320.0 11.2100
257760.0 11.2100
259200.0 11.2100
260640.0 11.2100
262080.0 11.2100
263520.0 11.2100
264960.0 11.2100
266400.0 11.2100
267840.0 11.2100
269280.0 11.2100
270720.0 11.2100
272160.0 11.2100
273600.0 11.2100
275040.0 11.2100
276480.0 11.2100
277920.0 11.2100
279360.0 11.2100
280800.0 11.2100
282240.0 11.2100
283680.0 11.2100
285120.0 11.2100
286560.0 11.2100
288000.0 11.2100
289440.0 11.2100
290880.0 11.2100
292320.0 11.2100
293760.0 11.2100
295200.0 11.2100
296640.0 11.2100
298080.0 11.2100
299520.0 11.2100
300960.0 11.2100
302400.0 11.2100
303840.0 11.2100
305280.0 11.2100
306720.0 11.2100
308160.0 11.2100
309600.0 11.2100
311040.0 11.2100
312480.0 11.2100
313920.0 11.2100
315360.0 11.2100
316800.0 11.2100
318240.0 11.2100
319680.0 11.2100
321120.0 11.2100
322560.0 11.2100
324000.0 11.2100
325440.0 11.2100
326880.0 11.2100
328320.0 11.2100
329760.0 11.2100
331200.0 11.2100
332640.0 11.2100
334080.0 11.2100
335520.0 11.2100
336960.0 11.2100
338400.0 11.2100
339840.0 11.2100
341280.0 11.2100
342720.0 11.2100
344160.0 11.2100
345600.0 11.2100
347040.0 11.2100
348480.0 11.2100
349920.0 11.2100
351360.0 11.2100
352800.0 11.2100
354240.0 11.2100
355680.0 11.2100
357120.0 11.2100
358560.0 11.2100
360000.0 11.2100
361440.0 11.2100
362880.0 11.2100
364320.0 11.2100
365760.0 11.2100
367200.0 11.2100
368640.0 11.2100
370080.0 11.2100
371520.0 11.2100
372960.0 11.2100
374400.0 11.2100
375840.0 11.2100
377280.0 11.2100
378720.0 11.2100
380160.0 11.2100
381600.0 11.2100
383040.0 11.2100
384480.0 11.2100
385920.0 11.2100
387360.0 11.2100
388800.0 11.2100
390240.0 11.2100
391680.0 11.2100
393120.0 11.2100
394560.0 11.2100
396000.0 11.2100
397440.0 11.2100
398880.0 11.2100
400320.0 11.2100
401760.0 11.2100
403200.0 11.2100
404640.0 11.2100
406080.0 11.2100
407520.0 11.2100
408960.0 11.2100
410400.0 11.2100
411840.0 11.2100
413280.0 11.2100
414720.0 11.2100
416160.0 11.2100
417600.0 11.2100
419040.0 11.2100
420480.0 11.2100
421920.0 11.2100
423360.0 11.2100
424800.0 11.2100
426240.0 11.2100
427680.0 11.2100
429120.0 11.2100
430560.0 11.2100
432000.0 11.2100
433440.0 11.2100
434880.0 11.2100
436320.0 11.2100
437760.0 11.2100
439200.0 11.2100
440640.0 11.2100
442080.0 11.2100
443520.0 11.2100
444960.0 11.2100
446400.0 11.2100
447840.0 11.2100
449280.0 11.2100
450720.0 11.2100
452160.0 11.2100
453600.0 11.2100
455040.0 11.2100
456480.0 11.2100
457920.0 11.2100
459360.0 11.2100
460800.0 11.2100
462240.0 11.2100
463680.0 11.2100
465120.0 11.2100
466560.0 11.2100
468000.0 11.2100
469440.0 11.2100
470880.0 11.2100
472320.0 11.2100
473760.0 11.2100
475200.0 11.2100
476640.0 11.2100
478080.0 11.2100
479520.0 11.2100
480960.0 11.2100
482400.0 11.2100
483840.0 11.2100
485280.0 11.2100
486720.0 11.2100
488160.0 11.2100
489600.0 11.2100
491040.0 11.2100
492480.0 11.2100
493920.0 11.2100
495360.0 11.2100
496800.0 11.2100
498240.0 11.2100
499680.0 11.2100
501120.0 11.2100
502560.0 11.2100
504000.0 11.2100
505440.0 11.2100
506880.0 11.2100
508320.0 11.2100
509760.0 11.2100
511200.0 11.2100
512640.0 11.2100
514080.0 11.2100
515520.0 11.2100
516960.0 11.2100
518400.0 11.2100
519840.0 11.2100
521280.0 11.2100
522720.0 11.2100
524160.0 11.2100
525600.0 11.2100
527040.0 11.2100
528480.0 11.2100
529920.0 11.2100
531360.0 11.2100
532800.0 11.2100
534240.0 11.2100
535680.0 11.2100
537120.0 11.2100
538560.0 11.2100
540000.0 11.2100
541440.0 11.2100
542880.0 11.2100
544320.0 11.2100
545760.0 11.2100
547200.0 11.2100
548640.0 11.2100
550080.0 11.2100
551520.0 11.2100
552960.0 11.2100
554400.0 11.2100
555840.0 11.2100
557280.0 11.2100
558720.0 11.2100
560160.0 11.2100
561600.0 11.2100
563040.0 11.2100
564480.0 11.2100
565920.0 11.2100
567360.0 11.2100
568800.0 11.2100
570240.0 11.2100
571680.0 11.2100
573120.0 11.2100
574560.0 11.2100
576000.0 11.2100
577440.0 11.2100
578880.0 11.2100
580320.0 11.2100
581760.0 11.2100
583200.0 11.2100
584640.0 11.2100
586080.0 11.2100
587520.0 11.2100
588960.0 11.2100
590400.0 11.2100
591840.0 11.2100
593280.0 11.2100
594720.0 11.2100
596160.0 11.2100
597600.0 11.2100
599040.0 11.2100
600480.0 11.2100
601920.0 11.2100
603360.0 11.2100
604800.0 11.2100
606240.0 11.2100
607680.0 11.2100
609120.0 11.2100
610560.0 11.2100
612000.0 11.2100
613440.0 11.2100
614880.0 11.2100
