0.0 10.8700
1440.0 10.9200
2880.0 10.9100
4320.0 10.9000
5760.0 10.9400
7200.0 10.9600
8640.0 10.9600
10080.0 10.9900
11520.0 11.0200
12960.0 11.1100
14400.0 11.1400
15840.0 11.1200
17280.0 11.1200
18720.0 11.1400
20160.0 11.1300
21600.0 11.1200
23040.0 11.1100
24480.0 11.1200
25920.0 11.1600
27360.0 11.1800
28800.0 11.2200
30240.0 11.2700
31680.0 11.2900
33120.0 11.3300
34560.0 11.3600
36000.0 11.3900
37440.0 11.3800
38880.0 11.3300
40320.0 11.3500
41760.0 11.3700
43200.0 11.4100
44640.0 11.4800
46080.0 11.4600
47520.0 11.4100
48960.0 11.4100
50400.0 11.4400
51840.0 11.4800
53280.0 11.5300
54720.0 11.5300
56160.0 11.5200
57600.0 11.5100
59040.0 11.5000
60480.0 11.5100
61920.0 11.5300
63360.0 11.5900
64800.0 11.6200
66240.0 11.6100
67680.0 11.6100
69120.0 11.6300
70560.0 11.6600
72000.0 11.6900
73440.0 11.7200
74880.0 11.7600
76320.0 11.8000
77760.0 11.8300
79200.0 11.8600
80640.0 11.8900
82080.0 11.8800
83520.0 11.8900
84960.0 11.9000
86400.0 11.8900
87840.0 11.8800
89280.0 11.8700
90720.0 11.8400
92160.0 11.8100
93600.0 11.8200
95040.0 11.8000
96480.0 11.7900
97920.0 11.8100
99360.0 11.7600
100800.0 11.6900
102240.0 11.6700
103680.0 11.6800
105120.0 11.7100
106560.0 11.7400
108000.0 11.7000
109440.0 11.6700
110880.0 11.6400
112320.0 11.6300
113760.0 11.6400
115200.0 11.6400
116640.0 11.6500
118080.0 11.6300
119520.0 11.6400
120960.0 11.6500
122400.0 11.6500
123840.0 11.6200
125280.0 11.6100
126720.0 11.6000
128160.0 11.6000
129600.0 11.6200
131040.0 11.6300
132480.0 11.6100
133920.0 11.6100
135360.0 11.5900
136800.0 11.5700
138240.0 11.5400
139680.0 11.5400
141120.0 11.5300
142560.0 11.5200
144000.0 11.5300
145440.0 11.5300
146880.0 11.5300
148320.0 11.5500
149760.0 11.5400
151200.0 11.5300
152640.0 11.5600
154080.0 11.5600
155520.0 11.5600
156960.0 11.5800
158400.0 11.5800
159840.0 11.5800
161280.0 11.5400
162720.0 11.5200
164160.0 11.4800
165600.0 11.4300
167040.0 11.3700
168480.0 11.3400
169920.0 11.3200
171360.0 11.2800
172800.0 11.2500
174240.0 11.2700
175680.0 11.2700
177120.0 11.2400
178560.0 11.2000
180000.0 11.1900
181440.0 11.2200
182880.0 11.2200
184320.0 11.2000
185760.0 11.2100
187200.0 11.1700
188640.0 11.1600
190080.0 11.1900
191520.0 11.1900
192960.0 11.2100
194400.0 11.2400
195840.0 11.2700
197280.0 11.3000
198720.0 11.3100
200160.0 11.2600
201600.0 11.2300
203040.0 11.2000
204480.0 11.1700
205920.0 11.1400
207360.0 11.1200
208800.0 11.1200
210240.0 11.1200
211680.0 11.1400
213120.0 11.1600
214560.0 11.1600
216000.0 11.2000
217440.0 11.2400
218880.0 11.2300
220320.0 11.2900
221760.0 11.2900
223200.0 11.2900
224640.0 11.2900
226080.0 11.2900
227520.0 11.2900
228960.0 11.2900
230400.0 11.2900
231840.0 11.2900
233280.0 11.2900
234720.0 11.2900
236160.0 11.2900
237600.0 11.2900
239040.0 11.2900
240480.0 11.2900
241920.0 11.2900
243360.0 11.2900
244800.0 11.2900
246240.0 11.2900
247680.0 11.2900
249120.0 11.2900
250560.0 11.2900
252000.0 11.2900
253440.0 11.2900
254880.0 11.2900
256320.0 11.2900
257760.0 11.2900
259200.0 11.2900
260640.0 11.2900
262080.0 11.2900
263520.0 11.2900
264960.0 11.2900
266400.0 11.2900
267840.0 11.2900
269280.0 11.2900
270720.0 11.2900
272160.0 11.2900
273600.0 11.2900
275040.0 11.2900
276480.0 11.2900
277920.0 11.2900
279360.0 11.2900
280800.0 11.2900
282240.0 11.2900
283680.0 11.2900
285120.0 11.2900
286560.0 11.2900
288000.0 11.2900
289440.0 11.2900
290880.0 11.2900
292320.0 11.2900
293760.0 11.2900
295200.0 11.2900
296640.0 11.2900
298080.0 11.2900
299520.0 11.2900
300960.0 11.2900
302400.0 11.2900
303840.0 11.2900
305280.0 11.2900
306720.0 11.2900
308160.0 11.2900
309600.0 11.2900
311040.0 11.2900
312480.0 11.2900
313920.0 11.2900
315360.0 11.2900
316800.0 11.2900
318240.0 11.2900
319680.0 11.2900
321120.0 11.2900
322560.0 11.2900
324000.0 11.2900
325440.0 11.2900
326880.0 11.2900
328320.0 11.2900
329760.0 11.2900
331200.0 11.2900
332640.0 11.2900
334080.0 11.2900
335520.0 11.2900
336960.0 11.2900
338400.0 11.2900
339840.0 11.2900
341280.0 11.2900
342720.0 11.2900
344160.0 11.2900
345600.0 11.2900
347040.0 11.2900
348480.0 11.2900
349920.0 11.2900
351360.0 11.2900
352800.0 11.2900
354240.0 11.2900
355680.0 11.2900
357120.0 11.2900
358560.0 11.2900
360000.0 11.2900
361440.0 11.2900
362880.0 11.2900
364320.0 11.2900
365760.0 11.2900
367200.0 11.2900
368640.0 11.2900
370080.0 11.2900
371520.0 11.2900
372960.0 11.2900
374400.0 11.2900
375840.0 11.2900
377280.0 11.2900
378720.0 11.2900
380160.0 11.2900
381600.0 11.2900
383040.0 11.2900
384480.0 11.2900
385920.0 11.2900
387360.0 11.2900
388800.0 11.2900
390240.0 11.2900
391680.0 11.2900
393120.0 11.2900
394560.0 11.2900
396000.0 11.2900
397440.0 11.2900
398880.0 11.2900
400320.0 11.2900
401760.0 11.2900
403200.0 11.2900
404640.0 11.2900
406080.0 11.2900
407520.0 11.2900
408960.0 11.2900
410400.0 11.2900
411840.0 11.2900
413280.0 11.2900
414720.0 11.2900
416160.0 11.2900
417600.0 11.2900
419040.0 11.2900
420480.0 11.2900
421920.0 11.2900
423360.0 11.2900
424800.0 11.2900
426240.0 11.2900
427680.0 11.2900
429120.0 11.2900
430560.0 11.2900
432000.0 11.2900
433440.0 11.2900
434880.0 11.2900
436320.0 11.2900
437760.0 11.2900
439200.0 11.2900
440640.0 11.2900
442080.0 11.2900
443520.0 11.2900
444960.0 11.2900
446400.0 11.2900
447840.0 11.2900
449280.0 11.2900
450720.0 11.2900
452160.0 11.2900
453600.0 11.2900
455040.0 11.2900
456480.0 11.2900
457920.0 11.2900
459360.0 11.2900
460800.0 11.2900
462240.0 11.2900
463680.0 11.2900
465120.0 11.2900
466560.0 11.2900
468000.0 11.2900
469440.0 11.2900
470880.0 11.2900
472320.0 11.2900
473760.0 11.2900
475200.0 11.2900
476640.0 11.2900
478080.0 11.2900
479520.0 11.2900
480960.0 11.2900
482400.0 11.2900
483840.0 11.2900
485280.0 11.2900
486720.0 11.2900
488160.0 11.2900
489600.0 11.2900
491040.0 11.2900
492480.0 11.2900
493920.0 11.2900
495360.0 11.2900
496800.0 11.2900
498240.0 11.2900
499680.0 11.2900
501120.0 11.2900
502560.0 11.2900
504000.0 11.2900
505440.0 11.2900
506880.0 11.2900
508320.0 11.2900
509760.0 11.2900
511200.0 11.2900
512640.0 11.2900
514080.0 11.2900
515520.0 11.2900
516960.0 11.2900
518400.0 11.2900
519840.0 11.2900
521280.0 11.2900
522720.0 11.2900
524160.0 11.2900
525600.0 11.2900
527040.0 11.2900
528480.0 11.2900
529920.0 11.2900
531360.0 11.2900
532800.0 11.2900
534240.0 11.2900
535680.0 11.2900
537120.0 11.2900
538560.0 11.2900
540000.0 11.2900
541440.0 11.2900
542880.0 11.2900
544320.0 11.2900
545760.0 11.2900
547200.0 11.2900
548640.0 11.2900
550080.0 11.2900
551520.0 11.2900
552960.0 11.2900
554400.0 11.2900
555840.0 11.2900
557280.0 11.2900
558720.0 11.2900
560160.0 11.2900
561600.0 11.2900
563040.0 11.2900
564480.0 11.2900
565920.0 11.2900
567360.0 11.2900
568800.0 11.2900
570240.0 11.2900
571680.0 11.2900
573120.0 11.2900
574560.0 11.2900
576000.0 11.2900
577440.0 11.2900
578880.0 11.2900
580320.0 11.2900
581760.0 11.2900
583200.0 11.2900
584640.0 11.2900
586080.0 11.2900
587520.0 11.2900
588960.0 11.2900
590400.0 11.2900
591840.0 11.2900
593280.0 11.2900
594720.0 11.2900
596160.0 11.2900
597600.0 11.2900
599040.0 11.2900
600480.0 11.2900
601920.0 11.2900
603360.0 11.2900
604800.0 11.2900
606240.0 11.2900
607680.0 11.2900
609120.0 11.2900
610560.0 11.2900
612000.0 11.2900
613440.0 11.2900
614880.0 11.2900
