0.0 10.6400
1440.0 10.7000
2880.0 10.6800
4320.0 10.6600
5760.0 10.6900
7200.0 10.6800
8640.0 10.7100
10080.0 10.7500
11520.0 10.7800
12960.0 10.8600
14400.0 10.9000
15840.0 10.8600
17280.0 10.8800
18720.0 10.8900
20160.0 10.9000
21600.0 10.9000
23040.0 10.9000
24480.0 10.9200
25920.0 10.9400
27360.0 10.9400
28800.0 10.9500
30240.0 10.9600
31680.0 10.9800
33120.0 11.0100
34560.0 11.0500
36000.0 11.0700
37440.0 11.0600
38880.0 11.0200
40320.0 11.0400
41760.0 11.0700
43200.0 11.1200
44640.0 11.1600
46080.0 11.1400
47520.0 11.0900
48960.0 11.0600
50400.0 11.0700
51840.0 11.1000
53280.0 11.1400
54720.0 11.1600
56160.0 11.1600
57600.0 11.1800
59040.0 11.1800
60480.0 11.1900
61920.0 11.2000
63360.0 11.2500
64800.0 11.2800
66240.0 11.2700
67680.0 11.2600
69120.0 11.2600
70560.0 11.2800
72000.0 11.3200
73440.0 11.3400
74880.0 11.3900
76320.0 11.4300
77760.0 11.4500
79200.0 11.4700
80640.0 11.4900
82080.0 11.4900
83520.0 11.5100
84960.0 11.5300
86400.0 11.5300
87840.0 11.5200
89280.0 11.5300
90720.0 11.4900
92160.0 11.4500
93600.0 11.4400
95040.0 11.4000
96480.0 11.4000
97920.0 11.4400
99360.0 11.4300
100800.0 11.3800
102240.0 11.3600
103680.0 11.3800
105120.0 11.4100
106560.0 11.4100
108000.0 11.3700
109440.0 11.3600
110880.0 11.3300
112320.0 11.3200
113760.0 11.3200
115200.0 11.3000
116640.0 11.2900
118080.0 11.2900
119520.0 11.3000
120960.0 11.3200
122400.0 11.3200
123840.0 11.2800
125280.0 11.2400
126720.0 11.2300
128160.0 11.2200
129600.0 11.2400
131040.0 11.2300
132480.0 11.2100
133920.0 11.2200
135360.0 11.2000
136800.0 11.2000
138240.0 11.2100
139680.0 11.2100
141120.0 11.2000
142560.0 11.2000
144000.0 11.2100
145440.0 11.2100
146880.0 11.2100
148320.0 11.2400
149760.0 11.2300
151200.0 11.2300
152640.0 11.2500
154080.0 11.2500
155520.0 11.2300
156960.0 11.2200
158400.0 11.2000
159840.0 11.1700
161280.0 11.1400
162720.0 11.1300
164160.0 11.1100
165600.0 11.0900
167040.0 11.0600
168480.0 11.0300
169920.0 11.0100
171360.0 10.9800
172800.0 10.9700
174240.0 10.9600
175680.0 10.9700
177120.0 10.9600
178560.0 10.9400
180000.0 10.9600
181440.0 10.9800
182880.0 10.9800
184320.0 10.9800
185760.0 10.9700
187200.0 10.9400
188640.0 10.9400
190080.0 10.9700
191520.0 10.9900
192960.0 11.0200
194400.0 11.0200
195840.0 11.0400
197280.0 11.0500
198720.0 11.0400
200160.0 11.0100
201600.0 11.0000
203040.0 10.9800
204480.0 10.9500
205920.0 10.9300
207360.0 10.9300
208800.0 10.9200
210240.0 10.9400
211680.0 10.9600
213120.0 10.9700
214560.0 10.9800
216000.0 11.0000
217440.0 11.0300
218880.0 11.0400
220320.0 11.0500
221760.0 11.0500
223200.0 11.0500
224640.0 11.0500
226080.0 11.0500
227520.0 11.0500
228960.0 11.0500
230400.0 11.0500
231840.0 11.0500
233280.0 11.0500
234720.0 11.0500
236160.0 11.0500
237600.0 11.0500
239040.0 11.0500
240480.0 11.0500
241920.0 11.0500
243360.0 11.0500
244800.0 11.0500
246240.0 11.0500
247680.0 11.0500
249120.0 11.0500
250560.0 11.0500
252000.0 11.0500
253440.0 11.0500
254880.0 11.0500
256320.0 11.0500
257760.0 11.0500
259200.0 11.0500
260640.0 11.0500
262080.0 11.0500
263520.0 11.0500
264960.0 11.0500
266400.0 11.0500
267840.0 11.0500
269280.0 11.0500
270720.0 11.0500
272160.0 11.0500
273600.0 11.0500
275040.0 11.0500
276480.0 11.0500
277920.0 11.0500
279360.0 11.0500
280800.0 11.0500
282240.0 11.0500
283680.0 11.0500
285120.0 11.0500
286560.0 11.0500
288000.0 11.0500
289440.0 11.0500
290880.0 11.0500
292320.0 11.0500
293760.0 11.0500
295200.0 11.0500
296640.0 11.0500
298080.0 11.0500
299520.0 11.0500
300960.0 11.0500
302400.0 11.0500
303840.0 11.0500
305280.0 11.0500
306720.0 11.0500
308160.0 11.0500
309600.0 11.0500
311040.0 11.0500
312480.0 11.0500
313920.0 11.0500
315360.0 11.0500
316800.0 11.0500
318240.0 11.0500
319680.0 11.0500
321120.0 11.0500
322560.0 11.0500
324000.0 11.0500
325440.0 11.0500
326880.0 11.0500
328320.0 11.0500
329760.0 11.0500
331200.0 11.0500
332640.0 11.0500
334080.0 11.0500
335520.0 11.0500
336960.0 11.0500
338400.0 11.0500
339840.0 11.0500
341280.0 11.0500
342720.0 11.0500
344160.0 11.0500
345600.0 11.0500
347040.0 11.0500
348480.0 11.0500
349920.0 11.0500
351360.0 11.0500
352800.0 11.0500
354240.0 11.0500
355680.0 11.0500
357120.0 11.0500
358560.0 11.0500
360000.0 11.0500
361440.0 11.0500
362880.0 11.0500
364320.0 11.0500
365760.0 11.0500
367200.0 11.0500
368640.0 11.0500
370080.0 11.0500
371520.0 11.0500
372960.0 11.0500
374400.0 11.0500
375840.0 11.0500
377280.0 11.0500
378720.0 11.0500
380160.0 11.0500
381600.0 11.0500
383040.0 11.0500
384480.0 11.0500
385920.0 11.0500
387360.0 11.0500
388800.0 11.0500
390240.0 11.0500
391680.0 11.0500
393120.0 11.0500
394560.0 11.0500
396000.0 11.0500
397440.0 11.0500
398880.0 11.0500
400320.0 11.0500
401760.0 11.0500
403200.0 11.0500
404640.0 11.0500
406080.0 11.0500
407520.0 11.0500
408960.0 11.0500
410400.0 11.0500
411840.0 11.0500
413280.0 11.0500
414720.0 11.0500
416160.0 11.0500
417600.0 11.0500
419040.0 11.0500
420480.0 11.0500
421920.0 11.0500
423360.0 11.0500
424800.0 11.0500
426240.0 11.0500
427680.0 11.0500
429120.0 11.0500
430560.0 11.0500
432000.0 11.0500
433440.0 11.0500
434880.0 11.0500
436320.0 11.0500
437760.0 11.0500
439200.0 11.0500
440640.0 11.0500
442080.0 11.0500
443520.0 11.0500
444960.0 11.0500
446400.0 11.0500
447840.0 11.0500
449280.0 11.0500
450720.0 11.0500
452160.0 11.0500
453600.0 11.0500
455040.0 11.0500
456480.0 11.0500
457920.0 11.0500
459360.0 11.0500
460800.0 11.0500
462240.0 11.0500
463680.0 11.0500
465120.0 11.0500
466560.0 11.0500
468000.0 11.0500
469440.0 11.0500
470880.0 11.0500
472320.0 11.0500
473760.0 11.0500
475200.0 11.0500
476640.0 11.0500
478080.0 11.0500
479520.0 11.0500
480960.0 11.0500
482400.0 11.0500
483840.0 11.0500
485280.0 11.0500
486720.0 11.0500
488160.0 11.0500
489600.0 11.0500
491040.0 11.0500
492480.0 11.0500
493920.0 11.0500
495360.0 11.0500
496800.0 11.0500
498240.0 11.0500
499680.0 11.0500
501120.0 11.0500
502560.0 11.0500
504000.0 11.0500
505440.0 11.0500
506880.0 11.0500
508320.0 11.0500
509760.0 11.0500
511200.0 11.0500
512640.0 11.0500
514080.0 11.0500
515520.0 11.0500
516960.0 11.0500
518400.0 11.0500
519840.0 11.0500
521280.0 11.0500
522720.0 11.0500
524160.0 11.0500
525600.0 11.0500
527040.0 11.0500
528480.0 11.0500
529920.0 11.0500
531360.0 11.0500
532800.0 11.0500
534240.0 11.0500
535680.0 11.0500
537120.0 11.0500
538560.0 11.0500
540000.0 11.0500
541440.0 11.0500
542880.0 11.0500
544320.0 11.0500
545760.0 11.0500
547200.0 11.0500
548640.0 11.0500
550080.0 11.0500
551520.0 11.0500
552960.0 11.0500
554400.0 11.0500
555840.0 11.0500
557280.0 11.0500
558720.0 11.0500
560160.0 11.0500
561600.0 11.0500
563040.0 11.0500
564480.0 11.0500
565920.0 11.0500
567360.0 11.0500
568800.0 11.0500
570240.0 11.0500
571680.0 11.0500
573120.0 11.0500
574560.0 11.0500
576000.0 11.0500
577440.0 11.0500
578880.0 11.0500
580320.0 11.0500
581760.0 11.0500
583200.0 11.0500
584640.0 11.0500
586080.0 11.0500
587520.0 11.0500
588960.0 11.0500
590400.0 11.0500
591840.0 11.0500
593280.0 11.0500
594720.0 11.0500
596160.0 11.0500
597600.0 11.0500
599040.0 11.0500
600480.0 11.0500
601920.0 11.0500
603360.0 11.0500
604800.0 11.0500
606240.0 11.0500
607680.0 11.0500
609120.0 11.0500
610560.0 11.0500
612000.0 11.0500
613440.0 11.0500
614880.0 11.0500
